202
0 13
45608 96767 94356 45948 6990 94192 70546 82022 1599 88544 30723 91997 4346
1 19
88985 30294 89494 51943 32904 54693 36109 94334 57868 43193 4989 64718 4770 13706 75323 22277 81515 50324 26185
2 18
86566 85500 35387 7100 9041 59105 81874 88815 70281 70856 11192 95109 16023 81548 2833 96619 99122 29805
3 14
68679 4982 6008 1441 54205 19769 93556 23414 73436 28715 75988 43193 92770 49233
4 12
50423 7431 7521 14116 16808 88055 84490 24927 3437 75782 89089 39112
5 16
41431 83777 47081 90613 14459 69906 62891 30091 98759 31929 70553 32713 86009 34776 48874 85820
6 15
27549 76192 27899 7756 32000 78614 40065 76032 46 8469 92011 1006 47182 52588 2535
7 20
70688 37050 37266 71696 37092 12603 79184 17095 47086 40419 21142 90821 87022 22656 50744 27984 63360 84296 95812 32082
8 12
44699 82683 47723 53591 55075 16557 26670 6488 71854 28843 29784 9995
9 19
32264 95375 51373 35949 83380 75171 38744 15538 83907 18888 73654 64402 21205 90178 91115 23584 67053 72742 31528
10 10
36199 40578 38822 12532 42576 14256 24649 25447 77591 2967
11 18
82602 27005 83794 58221 29132 67649 36879 97198 87231 70210 38257 73881 46556 74826 4869 77382 51837 8607
12 13
45929 42296 16384 74644 19620 4986 20226 23189 79461 3072 34570 37212 14869
13 16
65060 46105 14748 92709 19001 54831 22579 90680 84405 25167 80223 292 80593 33975 59458 34910
14 16
27676 57106 29824 70476 33620 7166 36842 46235 79169 42278 10793 86966 12947 92796 55357 24976
15 14
97244 23394 81548 29618 1051 12330 34990 59740 17740 17745 8913 83108 21436 2196
16 18
78933 65538 31044 40720 66289 45051 86246 45060 12081 79317 14484 59477 80933 46573 19163 69365 21273 46212
17 11
45853 51970 55850 16957 25571 96442 7594 260 29228 72496 44591
18 14
56601 75224 64396 69057 29586 73308 35169 52255 74125 74997 52395 98878 55842 80302
19 20
84320 31923 41297 33832 57153 54031 34109 84845 62074 59697 10987 82303 53181 45938 15417 77516 2596 50289 53043 289
20 18
68344 45286 56269 70902 46404 6642 79689 54112 54544 88220 83263 17453 60514 21904 82710 92494 37314 99671
21 11
3458 81905 35891 64318 47189 49514 12190 68435 12966 26628 90246
22 12
61262 82315 72092 75945 22817 2491 82744 28374 44960 92610 93602 52246
23 15
41636 33117 98955 89639 33589 37676 21213 79922 22914 47054 26113 51430 26317 74428 30360
24 20
68370 264 77741 46741 29104 90615 47774 33209 79114 480 37301 44558 51615 38835 62132 17724 88984 67938 46348 1864
25 13
79583 16523 8959 26816 87786 28562 87370 31263 97951 5898 60620 69060 14449
26 11
89591 55793 18513 21296 57812 28825 79353 31193 33647 36834 38644
27 11
60997 26450 62977 28774 6037 31660 4210 68826 47183 60124 16616
28 16
78067 90587 8020 3516 4431 89282 4816 95507 60398 85083 93781 6372 15591 73030 31037 97303
29 18
97733 55674 68691 66311 80532 80009 68449 12708 93750 23600 77682 69361 33042 99675 33336 69534 77350 50056
30 10
77688 82894 79533 18368 20501 8490 2933 38354 56455 60328
31 14
17547 72520 22987 76529 27105 79809 41476 81525 51917 82457 54387 93376 62359 13425
32 10
80734 90270 20014 34352 93731 97929 38606 41228 50751 60474
33 13
16578 68835 21653 69331 30297 79505 34019 67446 37618 52455 92382 65864 14856
34 15
97750 22903 83619 78776 27800 34868 89682 66243 88521 37051 54026 94768 58167 95869 6351
35 10
34846 38402 39949 14697 45746 16035 52920 17816 7718 23008
36 20
77963 73880 30060 46868 89878 35593 18738 78426 19921 38217 43003 2357 95899 25237 59274 26631 63319 99462 99914 26656
37 15
5214 48474 87774 84584 49544 51214 23993 75287 27304 56840 35308 72136 45921 72497 47505
38 15
21768 61902 40183 734 40728 8915 42521 51190 92416 45134 96167 10335 97654 5620 21305
39 10
75554 80241 40361 42324 81581 83488 51883 52877 6160 70955
40 18
74784 18317 96238 54819 2068 55044 80961 2214 56150 32351 54496 35481 67314 71595 36966 72243 48977 10041
41 14
81687 23935 86914 3373 94664 45821 48005 7546 98655 48148 55220 12876 96798 14650
42 15
64401 8725 65467 10211 75467 27005 72038 29654 75269 37126 83940 4919 93173 5504 89954
43 14
34357 54371 39292 85041 84667 40922 12029 84351 5579 1300 17070 76079 80189 28951
44 10
42450 44184 47089 99995 55186 5774 68663 41077 70619 42293
45 19
98282 48669 93604 98809 64975 48991 70497 4932 74095 10583 57568 75469 54179 20500 85937 21814 5047 58149 26758
46 12
96398 32725 74102 49565 91066 60840 70560 10254 1130 86148 17495 2364
47 14
82166 27863 31594 88949 37406 75264 40678 13417 98468 13740 73541 20888 2269 56843
48 13
60186 22992 67080 23765 83383 25194 35013 58936 36919 54540 18532 97064 20457
49 16
54114 88974 70836 26234 26899 79071 3282 81299 85191 35301 88738 40180 99402 50600 11201 91945
50 13
25630 41246 29395 84778 39797 10110 75002 42774 16855 17550 61638 68416 18611
51 15
29380 84968 80425 30233 41132 7612 86536 44207 45737 1232 46326 21756 94821 56863 24139
52 19
81158 18026 82886 66143 27381 69736 36808 97618 97294 78912 42359 79233 47297 99295 79254 58568 81132 58885 83658
53 11
61098 60488 1061 70968 19871 67042 2478 27198 42293 45897 56156
54 16
67037 50638 1443 16396 52778 24468 97254 84312 25896 72890 30585 49211 81349 42403 66803 13920
55 20
88101 26334 86566 88825 49673 30150 52714 30930 95128 54182 12794 44334 68662 37240 13647 79878 2172 34149 462 2612
56 15
5487 73146 28047 44576 84270 38063 80656 41258 73709 41616 98966 10723 50165 1975 23611
57 15
94422 73651 61102 14344 15748 64713 28989 65665 38013 8238 45617 8335 4593 86607 51330
58 15
38991 82981 4043 86222 44540 92131 17962 73007 94469 54095 20337 26116 45516 76612 29746
59 11
11293 25403 92948 26167 31042 93898 31296 31352 87610 50747 67259
60 18
72477 8637 40806 59363 46319 69273 94087 48671 83752 70657 49316 5746 52034 82467 17013 5240 56812 28871
61 16
78493 26401 38128 81777 26630 83635 270 30734 99911 74641 91850 10448 4280 17897 91434 22628
62 13
34883 74295 38034 19676 55153 50224 24209 25446 65506 32276 33960 50167 88391
63 17
28879 93113 34920 30165 88126 77140 33416 16242 92940 21716 63248 45240 23223 25008 55968 57221 25965
64 12
11463 71728 67599 13012 24964 96345 63368 76638 25621 49651 60409 60687
65 14
90454 17981 44760 18896 4722 21926 53992 24590 57130 36630 57220 38511 59303 38890
66 15
77667 72416 49758 61868 54391 83824 11335 55593 56934 13197 15998 70205 69045 22348 26607
67 20
66461 43532 17819 96609 19160 53171 23088 8420 80138 29957 97315 70823 3776 43389 78606 38474 10379 97380 56251 13875
68 13
31459 73468 33438 79229 35280 85163 5298 8566 57548 94481 62543 66584 10197
69 13
11810 86023 65739 24952 35067 68154 84681 51531 52387 61912 92147 5808 61389
70 10
71576 76432 23731 83527 26928 9993 29436 31812 6291 64567
71 11
40430 85486 75600 48167 62816 75318 6349 65594 70663 74881 39726
72 19
86298 16099 89314 52737 17698 54942 38635 91093 59615 4102 48253 60433 46450 91784 63639 11162 78903 4881 12452
73 11
82289 88601 30379 61346 69928 76043 92750 78262 79103 20938 22148
74 13
65769 20945 56128 34196 67280 36552 99556 42042 11804 52742 1629 17935 47298
75 12
80304 28823 90752 28878 72551 43652 43815 92243 45665 65236 19632 22522
76 17
67143 81635 71229 21821 36898 77142 42055 95928 46769 7302 91509 54818 1634 99304 66622 19617 98446
77 16
96432 44790 65743 45201 94272 81909 56177 95141 11143 79616 69743 11920 26220 70261 73982 3940
78 15
74517 12249 53971 5862 53839 14333 17734 51814 54051 20552 7306 25169 6719 25401 43271
79 13
92238 95827 34003 40712 5547 15601 68010 17409 9743 75224 20294 81522 3069
80 17
80494 22662 46553 94117 37071 67483 92650 37356 46439 95825 12030 81956 5458 13772 96007 96285 17457
81 12
50891 44840 46586 50496 10508 13133 62136 31915 83633 36541 84897 40496
82 18
29937 99404 58931 31572 63147 35441 13415 7065 14052 56986 75523 48886 19844 80234 21704 48471 5893 22224
83 15
96069 85294 43912 73003 65409 13463 17989 68141 72666 20825 28287 80483 31628 83179 41578
84 14
90880 82737 37438 37440 90543 41018 45810 18348 82077 71298 18411 90842 33692 58794
85 16
70641 19037 77360 31742 83166 53643 53981 89512 88729 59997 64587 6616 86169 92115 15863 94608
86 20
36423 47605 3767 7957 92133 62883 40976 96175 41539 7112 99786 72443 10795 42084 43935 16121 62817 85049 25588 49254
87 17
78681 5534 27257 71808 28830 57561 34907 98751 41079 85988 21592 98047 50480 2467 50554 25699 44709
88 20
96717 26920 95943 9925 83567 28074 83687 30039 13921 85299 15842 71517 87879 64710 16004 92257 16584 42841 8235 2478
89 20
66447 70486 29904 44708 82939 74429 32438 98228 72941 39105 43448 18455 93351 75415 19047 5836 19252 72340 88628 28626
90 18
95721 30424 74876 72951 37135 95653 37417 65404 83735 40872 47964 1478 52541 9142 20587 84496 64411 23367
91 12
88836 94831 55882 62289 64959 23080 65828 38927 70086 45233 71046 4615
92 10
42710 87154 57354 73669 76538 20672 23932 9131 33545 37274
93 13
65081 99230 66888 15573 75406 24351 75812 27779 28596 96941 35757 4096 84902
94 10
50346 63335 55136 10541 77339 20853 25513 30997 87974 49421
95 16
7894 12691 82406 40182 13609 50831 18287 56045 19764 58970 28427 60413 33411 73754 39472 8874
96 10
28444 75670 47636 64405 70781 98580 17801 89929 18674 23281
97 17
89792 68520 38272 43486 47920 7252 17919 51358 23593 99357 245 66523 58859 27478 82800 2920 51506
98 19
46925 12862 55650 13143 73377 6296 13795 74203 26827 64688 91507 6464 3001 96616 42700 63141 70163 4622 72853
99 19
81800 13297 60018 89918 3811 18402 86942 25149 44803 50722 26285 72002 95493 26327 82110 3713 67664 29369 31486
100 12
74537 67960 20998 73596 25238 71020 29372 31311 97288 32900 36106 67697
101 16
43781 16959 54173 18985 95514 58595 20446 25582 73147 70616 32249 34930 69032 77210 40385 78088
102 16
19046 53568 19152 98603 85069 35003 35456 8585 98585 52354 53312 11885 79514 99980 14504 7711
103 10
69443 71029 3032 76913 37898 97035 45409 46225 46425 5350
104 18
8280 1385 465 91304 44000 22166 8094 25130 40195 4844 25835 99872 29800 71482 33150 57272 34586 10565
105 16
55294 94910 64936 26600 44148 68037 45152 78249 48768 86995 88984 51447 10607 52938 24002 95504
106 15
3165 48513 35643 91734 69932 41833 13369 20920 6056 55820 23403 27316 58193 59881 30504
107 14
13672 79550 61850 18315 2626 52031 82899 321 33607 48205 11429 92509 50847 11806
108 12
14480 69831 24025 78709 32057 78876 40430 8220 40746 8632 41571 56137
109 17
83469 10753 73208 99720 53431 1127 80047 96201 14563 6005 6688 28527 31234 44771 78690 36017 36814
110 14
88693 60416 18974 34514 73627 55957 58455 56354 89159 58343 7453 58432 12100 18543
111 14
55457 15253 61427 1559 70445 1692 20320 8792 79430 38153 40466 78382 97759 45472
112 14
44301 77268 52160 91132 57312 70867 63369 11114 17832 72141 41284 80573 41452 80378
113 15
35056 8503 42133 90830 44803 93279 49465 77780 54612 16236 9627 2276 68216 75868 30326
114 19
88823 14111 74510 90368 59624 14525 92495 29038 8251 55582 7639 32683 98444 41848 83346 50222 88592 95957 54042
115 10
60419 76397 15264 44635 96238 99249 50746 5443 55235 58775
116 12
87578 17924 20463 90103 90934 35172 36649 73207 39838 44003 1333 17844
117 12
77334 47988 84600 5922 77801 60073 650 67040 77041 70006 1511 25033
118 12
64898 12280 68736 25685 82617 30661 35787 37300 38829 10454 53367 11010
119 10
91459 91944 54033 59319 72291 76328 86752 14639 88914 40858
120 13
87492 56191 75472 65040 91445 66258 75355 12429 86511 27146 75512 49199 49381
121 13
7974 33377 94287 43329 74932 82704 49864 51179 10942 70547 11099 19182 55971
122 10
98090 22078 37843 47800 55902 70053 78834 12344 89613 13385
123 17
52104 93122 56091 20738 22966 67345 58430 28135 10348 36267 15639 7972 41563 18185 72176 50208 18576
124 20
22781 59965 98554 27245 14060 73992 72008 24621 14797 85089 15396 61355 42217 15639 90452 95809 1761 50535 24050 19998
125 19
42699 24555 27867 45043 25834 98081 38475 11431 33912 11494 52647 61022 13083 656 36357 17310 5506 35507 24320
126 13
60367 80097 60661 66217 78172 25398 81361 26235 80486 28788 89595 52847 82184
127 17
94790 20962 38728 36716 61255 59620 38323 77830 10965 58210 39249 11703 9848 18172 53975 57584 18764
128 20
65396 3846 5254 59641 70280 39851 12263 75475 1909 52782 23700 91524 64844 80845 24791 61270 25020 76845 97901 37425
129 20
33848 46338 354 72361 64007 36695 38127 37171 1657 6860 80185 72054 21181 99552 41535 25020 60713 79097 3088 57394
130 11
67453 74051 78198 78772 15660 18406 92828 87349 23705 52276 83421
131 17
72683 34978 46392 76953 39690 79822 10523 6272 56828 10950 93985 24483 71666 28985 72352 85533 34517
132 16
45033 92123 48109 10227 93114 18058 56716 18120 56677 28635 74613 79832 29668 92607 31805 92316
133 18
91673 21351 78260 33453 80314 33861 87782 82122 45686 7565 49987 10438 84646 86155 12199 55070 74057 12428
134 17
61847 403 67647 41101 64887 74298 45846 47633 16075 9886 95907 19313 5737 24980 47729 28793 88870
135 11
54535 5639 59512 10386 60779 29083 30895 62166 92939 3207 35987
136 20
89139 56992 13761 59705 13762 58009 82340 59229 26421 91654 30890 80739 62274 40032 96918 98607 43787 71630 77442 44802
137 10
57414 98244 5902 32272 34194 98310 45131 4851 49521 50676
138 17
90963 17819 96122 46999 19494 59784 19752 9876 71658 26228 82677 3257 89306 32701 89877 38349 1245
139 15
56343 59516 34165 4884 78308 35989 7340 4072 59816 46684 87626 12298 54397 2234 29872
140 15
89909 69001 52046 10582 15021 52687 2293 63228 38144 70493 38510 81310 48853 81907 49928
141 10
33554 37098 42032 11061 84401 61373 1616 21027 52135 27534
142 10
44876 52504 69776 23765 70926 25320 27708 72905 29870 41397
143 13
60993 13638 77545 2562 66161 66255 279 39825 83523 49036 5193 52677 12602
144 19
68050 5168 17601 90129 66224 82951 19783 51871 22337 82815 92868 36936 74125 431 98171 74147 44290 81337 48185
145 13
10017 34266 11501 42861 17792 43739 17911 83509 18171 8761 28599 91336 2947
146 20
75714 78738 55777 73303 92092 59044 14602 90250 25537 59664 73002 31293 93095 32080 74324 32433 88980 98354 99600 49939
147 19
37898 35845 73296 68662 37483 94927 37740 10586 63425 77014 14550 52718 19749 53926 88118 22178 85475 55169 25669
148 20
54912 80395 58781 29002 31811 1799 78251 62178 36932 19015 38119 20919 73136 74244 39506 24662 95553 48041 27152 87691
149 16
23806 4532 33639 95315 92056 37295 98219 13717 91683 59973 165 99669 18366 70882 72293 21703
150 15
96729 16000 7834 63625 16788 96450 17962 57972 78811 33273 4579 93103 47914 81884 48953
151 19
7135 80806 71380 45838 51485 79395 51752 32877 8997 52988 3581 77181 88713 65393 38722 96716 71319 4080 90385
152 15
43075 53098 45217 97066 94552 52014 99881 19748 79562 54813 20883 2597 6495 7397 42955
153 10
14383 87655 16176 20927 85745 47900 52612 52957 79354 12029
154 14
53038 79976 60864 81495 61596 85080 63052 70841 92325 67699 21049 42915 75769 5007
155 15
20637 23530 9061 77765 35375 401 78110 86273 40826 41601 74994 93499 56899 95233 65765
156 11
42859 46885 47307 1251 54977 13469 15885 73296 20438 36043 65197
157 10
76461 82967 78510 28513 37367 93822 38214 50132 54386 54832
158 20
7136 18840 74345 46500 24685 93386 51773 29961 80158 54957 37704 76297 56358 40091 9689 59124 40916 59994 41869 18337
159 17
95085 38822 1475 5647 17575 41696 77305 42404 17971 2286 75694 69649 28313 33318 74531 75567 34480
160 16
18127 8044 97339 77017 25390 27664 71889 90695 3242 41226 48510 95331 11618 91727 51145 12217
161 14
94943 96465 49448 51466 45419 58092 45777 7448 45963 98195 79211 46570 81376 47263
162 20
89108 57980 25561 5420 68616 3232 63258 82818 63503 36736 53455 80156 71675 12791 57452 57419 20399 77681 79103 21451
163 11
18620 99041 27393 36018 66424 43547 4420 49186 10060 56471 16713
164 20
705 26042 72740 45825 26313 50070 2822 78121 72856 53669 2908 34476 55460 3057 16202 57605 17900 62079 42814 2451
165 19
70232 71402 33518 77458 37089 91426 88798 77356 51720 76135 56855 82111 78531 57068 6338 28355 78600 81958 29967
166 14
41074 94813 91924 45485 48163 89617 96961 56389 80126 8073 13328 99042 87242 40694
167 19
72109 15259 91886 80055 45177 18981 456 19274 82163 53815 28225 57990 35985 81155 9431 60871 36303 62572 3846
168 13
52171 14881 70949 20639 63287 2077 28552 83448 29298 58465 36460 92582 45973
169 16
79875 64322 69006 89528 11989 6516 16510 88125 24116 80122 25353 98095 82712 34351 83015 41858
170 14
258 74964 31028 80726 38329 83588 41142 57246 86734 51364 91849 22060 66916 24541
171 18
96439 93834 1041 77844 98551 52473 14190 96480 19756 6770 76712 25686 28062 83172 46997 8249 33601 43211
172 10
9363 30433 31032 94827 40484 42999 59860 78037 70045 27524
173 15
56740 27094 58050 29838 61914 33992 39340 38423 94245 10732 42684 17147 55434 9252 26205
174 16
41936 69983 48836 12827 49199 93915 17473 54250 18357 22431 56952 57313 2601 87113 3230 7451
175 14
4931 95975 62114 99140 74652 99355 75429 91584 77880 11424 30966 87982 91350 36466
176 13
13606 73924 85538 71113 16357 16998 52991 80255 19115 2223 28722 517 10945
177 18
74013 24856 79625 56541 32108 58466 35086 859 86060 58838 38787 63728 41033 68856 45612 722 56212 95196
178 14
48325 15696 68949 20627 52494 67149 22363 24744 7805 30541 35873 37052 95541 15008
179 13
72636 47874 61334 19312 58435 19539 2129 83024 21760 90244 26311 98043 34322
180 20
97815 52970 87213 98128 72660 53633 75870 54866 20863 79716 22770 65750 84541 57753 31588 862 3243 56086 71005 35394
181 12
9526 97164 704 88702 72058 73019 8538 33637 45774 94684 50000 66738
182 13
84912 43591 68537 48312 98462 49280 52557 23714 32343 60370 35894 39468 59234
183 17
57239 13504 58566 16414 95173 49796 21933 22382 65872 83777 11152 88463 43021 11397 69806 24770 12614
184 19
31799 34924 33146 80850 71043 66491 33259 98043 33542 19888 69535 41179 21874 40236 29786 64993 87278 30330 56326
185 20
59268 66884 51679 23743 23847 23886 54999 1563 92716 42303 25879 1773 68514 18316 8286 34603 20578 8393 22544 31531
186 16
38500 8967 58615 9144 59043 94298 20557 85818 9510 71948 21969 95871 23306 62546 88442 35534
187 12
1131 90225 83417 14574 16673 89318 8958 20996 2104 71418 37435 65305
188 14
20310 84003 44499 84319 47202 98908 85481 6047 82222 77152 89969 79917 81597 85832
189 20
81063 50049 59556 67725 82215 558 83098 19050 66236 19259 93551 75804 88865 25200 71241 35951 86126 97186 46361 97539
190 16
385 467 38946 92682 892 79368 40913 43926 8471 47540 13152 47240 22827 74195 31629 72815
191 12
13430 81370 18918 9025 20994 90844 29405 6969 51104 65917 68432 96170
192 19
842 12389 62194 76387 90510 53954 13411 92427 19879 50754 75505 31362 8270 98221 35813 82040 3792 96130 43949
193 16
33772 82723 39433 14292 9885 15259 62625 52786 1573 23224 77694 24075 98527 33768 5101 96349
194 16
30774 89950 82197 34945 86222 43425 87105 49854 74088 64388 12702 9573 25795 66598 70160 28497
195 16
78402 40808 53204 78693 43280 12114 78761 14697 69838 60511 17296 20739 73457 27035 78174 36881
196 10
89215 90527 22238 33435 49095 5115 66180 13141 83139 21560
198 13
42091 37953 9872 38878 40934 86139 11316 46140 19029 64023 3333 79943 36870
201 14
45238 37292 97865 9003 41939 43702 71506 10122 55418 16015 59402 22782 71461 36432
205 18
36301 89409 66489 38482 67607 48013 15899 81965 17610 59987 85922 54398 22789 8895 28752 5036 64997 35266
220 19
80199 58268 27476 53737 33342 37332 69313 15813 79410 42679 16920 813 17440 90127 51537 18369 92984 19587 48577
399 12
16700 72616 36203 83483 44405 86560 55849 59660 5660 5704 58319 92949
